Primera Sección
[-82, 15, -84]
[-25, 15, -40]

1: [-78, 15, -60]
2: [-70, 15, -60]
3: [-59, 15, -60]
4: [-49, 15, -60]
5: [-38, 15, -60]
6: [-29, 15, -60]

Segunda Sección
[-82, 15, -21]
[-39, 15, 20]

1: [-70, 15, 8]
2: [-62, 15, -7]
3: [-53, 15, 9]

Tercera Sección
[-74, 15, 37]
[-30, 15, 82]

1: [-58, 15, 62]
2: [-46, 15, 62]

Cuarta Sección
[29, 15, -74]
[58, 15, -54]

1: [44, 15, -62]

Quinta Sección
[21, 15, -16]
[82, 15, 26]

1: [24, 15, 8]
2: [33, 15, 8]
3: [45, 15, 8]
4: [55, 15, 8]
5: [66, 15, 8]
6: [76, 15, 8]

Sexta Sección
[44, 15, 34]
[85, 15, 64]

1: [66, 15, 52]

Rio
[-18, 15, 35]
[38, 15, 96]

1: [-2, 15, 91]
2: [13, 15, 91]
3: [26, 15, 91]
4: [-2, 15, 71]
5: [13, 15, 71]
6: [26, 15, 71]